174 0 0 0 0 0 7 0 0 1 0 0 0 0 0 0 0 0 0 2 
0 133 0 18 0 0 1 0 0 1 0 0 0 0 4 0 0 0 0 0 
0 0 158 0 2 0 0 0 1 0 0 0 7 0 0 0 0 0 3 0 
1 13 0 120 0 1 0 0 0 4 2 0 0 0 5 1 0 0 0 3 
0 0 0 0 123 0 0 0 7 0 0 0 4 0 0 0 0 0 0 1 
0 2 0 1 0 151 1 0 0 2 0 0 0 0 0 0 0 0 0 1 
3 0 0 0 0 0 118 0 0 1 0 0 0 0 0 0 0 0 1 0 
0 0 0 0 1 0 0 136 0 0 0 0 0 4 0 0 0 0 0 1 
0 0 2 0 10 0 0 0 137 0 0 1 0 0 0 0 0 0 3 0 
2 1 0 4 0 0 2 0 0 140 0 0 0 0 1 0 0 0 0 0 
0 0 0 0 0 0 0 0 0 0 149 0 0 0 0 0 0 0 0 2 
0 0 0 0 0 0 0 0 0 0 0 164 0 0 0 0 0 0 0 0 
0 0 3 0 10 0 0 0 3 0 0 1 123 0 0 0 2 0 2 1 
0 0 0 0 0 0 0 4 0 0 0 0 0 152 0 0 0 0 0 1 
0 7 0 6 0 1 1 0 0 7 0 0 0 0 138 0 0 0 0 2 
0 1 0 1 0 0 0 0 0 0 1 0 0 0 0 129 0 0 0 0 
0 0 0 0 0 0 0 0 0 0 0 0 0 0 0 0 127 0 4 0 
0 1 0 0 0 0 2 0 0 0 0 0 0 0 0 0 0 143 0 5 
0 0 0 0 0 0 0 0 8 0 0 0 1 0 0 0 3 0 120 3 
0 2 0 1 0 0 0 0 0 0 2 0 0 0 0 0 0 1 0 143 
