129 0 0 1 0 0 8 0 0 1 0 0 0 0 0 0 0 0 0 0 
0 122 0 13 0 0 2 0 0 3 0 0 0 0 8 0 0 0 0 1 
0 0 126 0 0 0 0 0 1 0 0 0 2 0 0 0 0 0 0 1 
0 19 0 117 0 0 0 0 0 6 1 0 0 0 6 0 0 0 0 7 
0 0 0 0 132 0 0 0 5 0 0 0 9 0 0 0 0 0 0 0 
0 0 0 2 0 139 0 0 0 1 0 0 0 0 2 0 0 0 0 0 
9 1 0 1 0 0 143 0 0 5 0 0 0 0 3 0 0 0 0 0 
0 0 0 0 0 0 0 146 0 0 0 0 0 3 0 0 0 0 0 2 
0 0 5 0 6 0 0 0 134 0 0 0 1 0 0 0 0 0 4 1 
1 0 0 2 0 0 0 0 0 142 2 0 0 0 0 0 0 0 0 0 
0 0 0 0 0 0 0 0 0 0 156 0 0 0 0 0 0 0 0 1 
0 0 0 0 1 0 0 0 0 0 0 154 0 0 0 0 0 0 1 0 
0 0 3 0 10 0 0 0 5 0 0 0 122 1 0 0 1 0 0 1 
0 0 0 0 0 0 0 4 0 0 0 0 0 143 0 0 0 0 0 1 
1 4 1 3 0 2 1 0 0 1 0 0 0 0 123 0 0 0 0 3 
0 0 0 1 0 0 0 0 0 0 0 0 0 0 0 164 0 0 0 0 
0 0 0 0 0 0 0 0 0 0 0 0 3 0 0 0 155 0 3 0 
0 1 0 0 0 1 1 0 0 0 0 0 0 0 0 0 0 144 0 5 
0 0 0 0 0 0 0 0 6 0 0 0 4 0 0 0 8 0 142 3 
0 4 0 0 0 0 0 0 0 0 3 0 0 0 0 0 0 0 0 134 
