121 0 0 0 0 0 3 0 0 0 0 0 0 0 0 0 0 0 2 1 
1 121 0 9 0 0 4 0 0 1 0 0 0 0 7 0 0 0 1 0 
0 0 136 0 0 0 0 0 3 0 0 0 7 0 0 0 0 0 2 1 
1 14 0 109 0 0 0 0 0 6 0 0 0 0 8 2 0 0 0 4 
0 0 0 0 146 0 0 0 15 0 0 0 4 0 0 0 0 1 0 3 
2 0 0 2 0 139 0 0 0 2 0 0 0 0 3 0 0 0 0 0 
12 1 0 1 0 1 143 0 0 4 0 0 0 0 2 0 0 1 0 0 
0 0 0 0 0 0 0 151 0 0 0 0 0 3 0 0 0 0 0 3 
0 0 1 0 9 0 0 0 130 0 0 0 2 0 0 0 0 0 2 2 
0 2 0 3 0 0 4 0 0 140 1 0 0 0 2 0 0 1 0 0 
0 0 0 0 0 0 0 0 0 0 139 0 0 0 0 1 0 0 0 2 
0 0 0 0 0 0 0 0 0 0 0 129 1 0 0 0 0 0 0 0 
0 0 10 0 7 0 0 0 4 0 0 0 131 0 0 0 2 0 0 8 
0 0 0 0 0 0 0 2 0 0 0 0 0 142 0 0 0 0 0 1 
0 12 0 3 0 2 1 0 0 2 0 0 0 0 125 0 0 0 0 4 
0 0 0 1 0 0 0 0 0 0 3 0 0 0 0 149 0 0 0 0 
0 0 0 0 0 0 0 0 0 0 0 1 1 0 0 0 154 0 2 0 
0 2 0 0 0 0 1 0 0 0 0 0 0 0 0 0 0 142 0 2 
0 0 0 0 0 0 0 0 3 0 0 2 1 0 0 0 10 0 133 3 
0 4 0 1 0 0 0 0 0 1 4 0 0 0 0 0 0 1 0 149 
